9.788563251495361328e-01
1.003292798995971680e+00
1.018816351890563965e+00
1.028553128242492676e+00
1.034801006317138672e+00
1.038835167884826660e+00
1.041507959365844727e+00
1.043036341667175293e+00
1.043826818466186523e+00
1.044068217277526855e+00
1.043968319892883301e+00
1.043595075607299805e+00
1.042978644371032715e+00
1.042100787162780762e+00
1.041039943695068359e+00
1.039677023887634277e+00
1.037872791290283203e+00
1.035629630088806152e+00
1.032906293869018555e+00
1.029882192611694336e+00
1.026634216308593750e+00
1.023274302482604980e+00
1.019946575164794922e+00
1.016801953315734863e+00
1.013938784599304199e+00
1.011358857154846191e+00
1.009141921997070312e+00
1.007290363311767578e+00
1.005794167518615723e+00
1.004613161087036133e+00
1.003717064857482910e+00
1.003080964088439941e+00
1.002636909484863281e+00
1.002341032028198242e+00
1.002144575119018555e+00
1.002017617225646973e+00
1.001916289329528809e+00
1.001834750175476074e+00
1.001771926879882812e+00
1.001702904701232910e+00
1.001660108566284180e+00
1.001609563827514648e+00
1.001552462577819824e+00
1.001496672630310059e+00
1.001418828964233398e+00
1.001335978507995605e+00
1.001206040382385254e+00
1.001049518585205078e+00
1.000850439071655273e+00
1.000608921051025391e+00
1.000344395637512207e+00
1.000040054321289062e+00
9.996940493583679199e-01
9.993385076522827148e-01
9.989637136459350586e-01
9.985494017601013184e-01
9.981542229652404785e-01
9.977340698242187500e-01
9.973140954971313477e-01
9.968895912170410156e-01
9.964538216590881348e-01
9.960381984710693359e-01
9.956147074699401855e-01
9.952013492584228516e-01
9.947878718376159668e-01
9.944038987159729004e-01
9.940227866172790527e-01
9.936649203300476074e-01
9.933446645736694336e-01
9.930404424667358398e-01
9.927790760993957520e-01
9.925581216812133789e-01
9.923552870750427246e-01
9.922351241111755371e-01
9.921071529388427734e-01
9.920943975448608398e-01
9.920136332511901855e-01
9.920850396156311035e-01
9.921483993530273438e-01
9.922212362289428711e-01
9.921658039093017578e-01
9.923885464668273926e-01
9.925079345703125000e-01
9.925493597984313965e-01
9.925474524497985840e-01
9.925633668899536133e-01
9.926156401634216309e-01
9.923884868621826172e-01
9.922867417335510254e-01
9.921873807907104492e-01
9.919361472129821777e-01
9.917521476745605469e-01
9.914764761924743652e-01
9.910284280776977539e-01
9.907620549201965332e-01
9.902039170265197754e-01
9.900184869766235352e-01
9.897128939628601074e-01
9.892278909683227539e-01
9.890010952949523926e-01
9.890272617340087891e-01
9.888597726821899414e-01
9.889935851097106934e-01
9.889312982559204102e-01
9.890031218528747559e-01
9.890717267990112305e-01
9.892115592956542969e-01
9.893622398376464844e-01
9.895601272583007812e-01
9.897378683090209961e-01
9.898717403411865234e-01
9.900023937225341797e-01
9.899992346763610840e-01
9.900116920471191406e-01
9.900190234184265137e-01
9.897884726524353027e-01
9.896201491355895996e-01
9.894787073135375977e-01
9.891802072525024414e-01
9.888743162155151367e-01
9.886032342910766602e-01
9.883293509483337402e-01
9.880904555320739746e-01
9.878626465797424316e-01
9.876809120178222656e-01
9.875600337982177734e-01
9.874772429466247559e-01
9.874473214149475098e-01
9.874578714370727539e-01
9.875117540359497070e-01
9.876061081886291504e-01
9.877157211303710938e-01
9.878647327423095703e-01
9.880257248878479004e-01
9.882038235664367676e-01
9.884027838706970215e-01
9.886101484298706055e-01
9.888268709182739258e-01
9.890443682670593262e-01
9.893639683723449707e-01
9.895081520080566406e-01
9.897664785385131836e-01
9.900150299072265625e-01
9.902610778808593750e-01
9.905117154121398926e-01
9.907414913177490234e-01
9.909218549728393555e-01
9.910495877265930176e-01
9.910523295402526855e-01
9.908821582794189453e-01
